9
10
11
12
21
37
38
54
63
69
88
93
103
116
127
128
131
138
150
157
158
159
165
166
167
168
172
173
183
205
206
210
215
217
220
223
225
227
232
233
241
272
275
277
297
298
299
311
313
323
324
327
346
349
359
364
372
384
386
387
388
389
391
398
403
410
415
421
429
439
440
453
460
463
471
488
505
517
522
529
535
539
541
542
548
581
583
600
607
615
625
633
637
638
641
649
651
660
669
698
717
721
732
738
741
743
744
745
749
752
799
809
811
814
822
826
827
831
835
839
842
878
887
888
892
895
896
909
918
931
935
936
944
946
947
956
958
961
962
981
987
988
997
1008
1018
1020
1023
1025
1030
1050
1053
1061
1062
1068
1071
1078
1086
1091
1092
1100
1101
1113
1116
1121
1129
1131
1136
1137
1138
1139
1142
1143
1145
1152
1161
1163
1165
1170
1177
1181
1192
1206
1212
1224
1227
1229
1230
1231
1234
1252
1256
1258
1259
1266
1267
1271
1272
1273
1274
1275
1277
1283
1284
1287
1289
1291
1292
1297
1299
1304
1313
1314
1315
1316
1319
1322
1326
1330
1332
1333
1334
1336
1338
1342
1345
1346
1348
1350
1361
1370
1393
1446
1447
1450
1454
1459
1464
1478
1480
1490
1494
1498
1499
1508
1510
1511
1512
1514
1528
1529
1531
1535
1537
1539
1540
1549
1553
1563
1564
1568
1570
1574
1579
1583
1599
1600
1608
1620
1621
1631
1640
1674
1681
1684
1685
1689
1692
1693
1696
1697
1710
1718
1723
1733
1734
1742
1743
1758
1761
1763
1767
1772
1779
1782
1791
1798
1799
1807
1820
1821
1824
1825
1832
1836
1844
1846
1852
1855
1859
1866
1872
1877
1881
1890
1908
1916
1920
1929
1940
1946
1947
1950
1967
1969
1977
1978
1980
1985
1987
1993
1999
2009
2012
2013
2034
2042
2051
2053
2056
2058
2063
2066
2072
2079
2082
2086
2092
2093
2094
2097
2098
2106
2107
2110
2111
2117
2118
2123
2124
2125
2126
2132
2141
2142
2148
2151
2153
2154
2155
2156
2159
2167
2172
2177
2194
2196
2197
2203
2207
2221
2229
2230
2233
2236
2237
2242
2249
2257
2259
2271
2278
2290
2298
2300
2308
2310
2311
2317
2318
2320
2332
2338
2339
2340
2341
2344
2351
2352
2353
2371
2373
2377
2378
2380
2384
2385
2392
2393
2398
2399
2405
2407
2408
2410
2411
2412
2413
2414
2418
2420
2423
2424
2426
2427
2430
2431
2434
2438
2439
2441
2444
2445
2446
2447
2450
2451
2453
2454
2457
2459
2460
2461
2464
2465
2466
2467
2468
2470
2471
2478
2479
2481
2485
2486
2487
2490
2491
2494
2495
2496
2497
2499
2502
2504
2505
2506
2514
2517
2521
2526
2528
2530
2537
2540
2541
2542
2543
2555
2559
2566
2573
2575
2576
2577
2578
2579
2582
2583
2585
2586
2587
2588
2589
2590
2591
2592
2594
2599
2602
2603
2604
2606
2607
2608
2609
2610
2613
2624
2625
2626
2630
2631
2632
2634
2635
2637
2638
2639
2640
2641
2643
2661
2665
2666
2669
2670
2673
2674
2675
2676
2680
2686
2691
2693
2698
2703
2714
2716
2720
2721
2724
2728
2734
2737
2739
2741
2748
2749
2750
2751
2752
2755
2758
2762
2764
2784
2793
2795
2796
2797
2800
2827
2829
2844
2846
2853
2867
2871
2872
2873
2877
2878
2879
2883
2884
2885
2888
2889
2891
2892
2893
2894
2895
2896
2898
2906
2907
2909
2910
2913
2914
2915
2918
2920
2921
2924
2925
2926
2927
2928
2930
2931
2934
2935
2941
2947
2948
2952
2953
2954
2959
2962
2963
2964
2966
2967
2969
2974
2975
2978
2979
2988
2991
2992
2994
2995
2997
2998
3000
3001
3003
3004
3011
3019
3022
3023
3024
3026
3027
3028
3034
3037
3038
3039
3045
3046
3049
3053
3054
3055
3057
3061
3062
3064
3066
3067
3072
3075
3076
3077
3080
3081
3085
3088
3089
3093
3100
3104
3107
3108
3116
3117
3118
3119
3127
3128
3131
3132
3133
3144
3146
3148
3150
3157
3158
3159
3160
3168
3173
3174
3177
3178
3181
3182
3183
3185
3187
3194
3195
3196
3197
3198
3199
3202
3203
3210
3212
3213
